%YAML:1.0
---
cameraMatrix: !!opencv-matrix
   rows: 3
   cols: 3
   dt: d
   data: [ 1.0665485651795998e+03, 0., 9.4910066023856837e+02, 0.,
       1.0673604963644148e+03, 5.3470052604885325e+02, 0., 0., 1. ]
distortionCoefficients: !!opencv-matrix
   rows: 1
   cols: 5
   dt: d
   data: [ 8.8752551676605132e-02, -1.5702979767305578e-01,
       -3.4455923904590761e-04, -2.4719646352633730e-04,
       7.3051528389821693e-02 ]
rotation: !!opencv-matrix
   rows: 3
   cols: 3
   dt: d
   data: [ 1., 0., 0., 0., 1., 0., 0., 0., 1. ]
projection: !!opencv-matrix
   rows: 4
   cols: 4
   dt: d
   data: [ 1.0665485651795998e+03, 0., 9.4910066023856837e+02, 0., 0.,
       1.0673604963644148e+03, 5.3470052604885325e+02, 0., 0., 0., 1.,
       0., 0., 0., 0., 1. ]
