%YAML:1.0
---
rotation: !!opencv-matrix
   rows: 3
   cols: 3
   dt: d
   data: [ 9.9998913126014011e-01, 9.9302072983157804e-04,
       -4.5553563439455855e-03, -9.8070175617842397e-04,
       9.9999585864225204e-01, 2.7057203126861049e-03,
       4.5580243149449182e-03, -2.7012234589493703e-03,
       9.9998596380457716e-01 ]
translation: !!opencv-matrix
   rows: 3
   cols: 1
   dt: d
   data: [ -5.1596324858673964e-02, 5.8238862835214840e-04,
       -4.4424398022765025e-03 ]
essential: !!opencv-matrix
   rows: 3
   cols: 3
   dt: d
   data: [ -1.7021669870329849e-06, 4.4408482427188778e-03,
       5.9440045344245354e-04, -4.2072142152863156e-03,
       -1.4378463791851214e-04, 5.1615837538911039e-02,
       -5.3178169212039544e-04, -5.1596689503815019e-02,
       -1.3695223649725944e-04 ]
fundamental: !!opencv-matrix
   rows: 3
   cols: 3
   dt: d
   data: [ -8.5455151182152080e-10, 2.2272116241743717e-06,
       -3.6990473946724005e-04, -2.1105722285973156e-06,
       -7.2057227983445205e-08, 9.9632148314273573e-03,
       8.4459407398350221e-04, -2.9674616357409353e-02, 1. ]
