%YAML:1.0
---
cameraMatrix: !!opencv-matrix
   rows: 3
   cols: 3
   dt: d
   data: [ 3.6343897365726929e+02, 0., 2.5446732479498687e+02, 0.,
       3.6380781890780247e+02, 2.1487696726926600e+02, 0., 0., 1. ]
distortionCoefficients: !!opencv-matrix
   rows: 1
   cols: 5
   dt: d
   data: [ 1.1753784412072102e-01, -3.3725647463954633e-01,
       1.0488853736560595e-03, -1.1440142173751968e-04,
       1.5436741860374714e-01 ]
rotation: !!opencv-matrix
   rows: 3
   cols: 3
   dt: d
   data: [ 1., 0., 0., 0., 1., 0., 0., 0., 1. ]
projection: !!opencv-matrix
   rows: 4
   cols: 4
   dt: d
   data: [ 3.6343897365726929e+02, 0., 2.5446732479498687e+02, 0., 0.,
       3.6380781890780247e+02, 2.1487696726926600e+02, 0., 0., 0., 1.,
       0., 0., 0., 0., 1. ]
