%YAML:1.0
---
depthShift: -1.1055630846194592e+01
